50	-128	-128
50	-128	-118
50	-128	-108
50	-128	-98
50	-128	-88
50	-128	-78
50	-128	-68
50	-128	-58
50	-128	-48
50	-128	-38
50	-128	-28
50	-128	-18
50	-128	-8
50	-128	2
50	-128	12
50	-128	22
50	-128	32
50	-128	42
50	-128	52
50	-128	62
50	-128	72
50	-128	82
50	-128	92
50	-128	102
50	-128	112
50	-128	122
50	-128	127
50	-118	-128
50	-118	-118
50	-118	-108
50	-118	-98
50	-118	-88
50	-118	-78
50	-118	-68
50	-118	-58
50	-118	-48
50	-118	-38
50	-118	-28
50	-118	-18
50	-118	-8
50	-118	2
50	-118	12
50	-118	22
50	-118	32
50	-118	42
50	-118	52
50	-118	62
50	-118	72
50	-118	82
50	-118	92
50	-118	102
50	-118	112
50	-118	122
50	-118	127
50	-108	-128
50	-108	-118
50	-108	-108
50	-108	-98
50	-108	-88
50	-108	-78
50	-108	-68
50	-108	-58
50	-108	-48
50	-108	-38
50	-108	-28
50	-108	-18
50	-108	-8
50	-108	2
50	-108	12
50	-108	22
50	-108	32
50	-108	42
50	-108	52
50	-108	62
50	-108	72
50	-108	82
50	-108	92
50	-108	102
50	-108	112
50	-108	122
50	-108	127
50	-98	-128
50	-98	-118
50	-98	-108
50	-98	-98
50	-98	-88
50	-98	-78
50	-98	-68
50	-98	-58
50	-98	-48
50	-98	-38
50	-98	-28
50	-98	-18
50	-98	-8
50	-98	2
50	-98	12
50	-98	22
50	-98	32
50	-98	42
50	-98	52
50	-98	62
50	-98	72
50	-98	82
50	-98	92
50	-98	102
50	-98	112
50	-98	122
50	-98	127
50	-88	-128
50	-88	-118
50	-88	-108
50	-88	-98
50	-88	-88
50	-88	-78
50	-88	-68
50	-88	-58
50	-88	-48
50	-88	-38
50	-88	-28
50	-88	-18
50	-88	-8
50	-88	2
50	-88	12
50	-88	22
50	-88	32
50	-88	42
50	-88	52
50	-88	62
50	-88	72
50	-88	82
50	-88	92
50	-88	102
50	-88	112
50	-88	122
50	-88	127
50	-78	-128
50	-78	-118
50	-78	-108
50	-78	-98
50	-78	-88
50	-78	-78
50	-78	-68
50	-78	-58
50	-78	-48
50	-78	-38
50	-78	-28
50	-78	-18
50	-78	-8
50	-78	2
50	-78	12
50	-78	22
50	-78	32
50	-78	42
50	-78	52
50	-78	62
50	-78	72
50	-78	82
50	-78	92
50	-78	102
50	-78	112
50	-78	122
50	-78	127
50	-68	-128
50	-68	-118
50	-68	-108
50	-68	-98
50	-68	-88
50	-68	-78
50	-68	-68
50	-68	-58
50	-68	-48
50	-68	-38
50	-68	-28
50	-68	-18
50	-68	-8
50	-68	2
50	-68	12
50	-68	22
50	-68	32
50	-68	42
50	-68	52
50	-68	62
50	-68	72
50	-68	82
50	-68	92
50	-68	102
50	-68	112
50	-68	122
50	-68	127
50	-58	-128
50	-58	-118
50	-58	-108
50	-58	-98
50	-58	-88
50	-58	-78
50	-58	-68
50	-58	-58
50	-58	-48
50	-58	-38
50	-58	-28
50	-58	-18
50	-58	-8
50	-58	2
50	-58	12
50	-58	22
50	-58	32
50	-58	42
50	-58	52
50	-58	62
50	-58	72
50	-58	82
50	-58	92
50	-58	102
50	-58	112
50	-58	122
50	-58	127
50	-48	-128
50	-48	-118
50	-48	-108
50	-48	-98
50	-48	-88
50	-48	-78
50	-48	-68
50	-48	-58
50	-48	-48
50	-48	-38
50	-48	-28
50	-48	-18
50	-48	-8
50	-48	2
50	-48	12
50	-48	22
50	-48	32
50	-48	42
50	-48	52
50	-48	62
50	-48	72
50	-48	82
50	-48	92
50	-48	102
50	-48	112
50	-48	122
50	-48	127
50	-38	-128
50	-38	-118
50	-38	-108
50	-38	-98
50	-38	-88
50	-38	-78
50	-38	-68
50	-38	-58
50	-38	-48
50	-38	-38
50	-38	-28
50	-38	-18
50	-38	-8
50	-38	2
50	-38	12
50	-38	22
50	-38	32
50	-38	42
50	-38	52
50	-38	62
50	-38	72
50	-38	82
50	-38	92
50	-38	102
50	-38	112
50	-38	122
50	-38	127
50	-28	-128
50	-28	-118
50	-28	-108
50	-28	-98
50	-28	-88
50	-28	-78
50	-28	-68
50	-28	-58
50	-28	-48
50	-28	-38
50	-28	-28
50	-28	-18
50	-28	-8
50	-28	2
50	-28	12
50	-28	22
50	-28	32
50	-28	42
50	-28	52
50	-28	62
50	-28	72
50	-28	82
50	-28	92
50	-28	102
50	-28	112
50	-28	122
50	-28	127
50	-18	-128
50	-18	-118
50	-18	-108
50	-18	-98
50	-18	-88
50	-18	-78
50	-18	-68
50	-18	-58
50	-18	-48
50	-18	-38
50	-18	-28
50	-18	-18
50	-18	-8
50	-18	2
50	-18	12
50	-18	22
50	-18	32
50	-18	42
50	-18	52
50	-18	62
50	-18	72
50	-18	82
50	-18	92
50	-18	102
50	-18	112
50	-18	122
50	-18	127
50	-8	-128
50	-8	-118
50	-8	-108
50	-8	-98
50	-8	-88
50	-8	-78
50	-8	-68
50	-8	-58
50	-8	-48
50	-8	-38
50	-8	-28
50	-8	-18
50	-8	-8
50	-8	2
50	-8	12
50	-8	22
50	-8	32
50	-8	42
50	-8	52
50	-8	62
50	-8	72
50	-8	82
50	-8	92
50	-8	102
50	-8	112
50	-8	122
50	-8	127
50	2	-128
50	2	-118
50	2	-108
50	2	-98
50	2	-88
50	2	-78
50	2	-68
50	2	-58
50	2	-48
50	2	-38
50	2	-28
50	2	-18
50	2	-8
50	2	2
50	2	12
50	2	22
50	2	32
50	2	42
50	2	52
50	2	62
50	2	72
50	2	82
50	2	92
50	2	102
50	2	112
50	2	122
50	2	127
50	12	-128
50	12	-118
50	12	-108
50	12	-98
50	12	-88
50	12	-78
50	12	-68
50	12	-58
50	12	-48
50	12	-38
50	12	-28
50	12	-18
50	12	-8
50	12	2
50	12	12
50	12	22
50	12	32
50	12	42
50	12	52
50	12	62
50	12	72
50	12	82
50	12	92
50	12	102
50	12	112
50	12	122
50	12	127
50	22	-128
50	22	-118
50	22	-108
50	22	-98
50	22	-88
50	22	-78
50	22	-68
50	22	-58
50	22	-48
50	22	-38
50	22	-28
50	22	-18
50	22	-8
50	22	2
50	22	12
50	22	22
50	22	32
50	22	42
50	22	52
50	22	62
50	22	72
50	22	82
50	22	92
50	22	102
50	22	112
50	22	122
50	22	127
50	32	-128
50	32	-118
50	32	-108
50	32	-98
50	32	-88
50	32	-78
50	32	-68
50	32	-58
50	32	-48
50	32	-38
50	32	-28
50	32	-18
50	32	-8
50	32	2
50	32	12
50	32	22
50	32	32
50	32	42
50	32	52
50	32	62
50	32	72
50	32	82
50	32	92
50	32	102
50	32	112
50	32	122
50	32	127
50	42	-128
50	42	-118
50	42	-108
50	42	-98
50	42	-88
50	42	-78
50	42	-68
50	42	-58
50	42	-48
50	42	-38
50	42	-28
50	42	-18
50	42	-8
50	42	2
50	42	12
50	42	22
50	42	32
50	42	42
50	42	52
50	42	62
50	42	72
50	42	82
50	42	92
50	42	102
50	42	112
50	42	122
50	42	127
50	52	-128
50	52	-118
50	52	-108
50	52	-98
50	52	-88
50	52	-78
50	52	-68
50	52	-58
50	52	-48
50	52	-38
50	52	-28
50	52	-18
50	52	-8
50	52	2
50	52	12
50	52	22
50	52	32
50	52	42
50	52	52
50	52	62
50	52	72
50	52	82
50	52	92
50	52	102
50	52	112
50	52	122
50	52	127
50	62	-128
50	62	-118
50	62	-108
50	62	-98
50	62	-88
50	62	-78
50	62	-68
50	62	-58
50	62	-48
50	62	-38
50	62	-28
50	62	-18
50	62	-8
50	62	2
50	62	12
50	62	22
50	62	32
50	62	42
50	62	52
50	62	62
50	62	72
50	62	82
50	62	92
50	62	102
50	62	112
50	62	122
50	62	127
50	72	-128
50	72	-118
50	72	-108
50	72	-98
50	72	-88
50	72	-78
50	72	-68
50	72	-58
50	72	-48
50	72	-38
50	72	-28
50	72	-18
50	72	-8
50	72	2
50	72	12
50	72	22
50	72	32
50	72	42
50	72	52
50	72	62
50	72	72
50	72	82
50	72	92
50	72	102
50	72	112
50	72	122
50	72	127
50	82	-128
50	82	-118
50	82	-108
50	82	-98
50	82	-88
50	82	-78
50	82	-68
50	82	-58
50	82	-48
50	82	-38
50	82	-28
50	82	-18
50	82	-8
50	82	2
50	82	12
50	82	22
50	82	32
50	82	42
50	82	52
50	82	62
50	82	72
50	82	82
50	82	92
50	82	102
50	82	112
50	82	122
50	82	127
50	92	-128
50	92	-118
50	92	-108
50	92	-98
50	92	-88
50	92	-78
50	92	-68
50	92	-58
50	92	-48
50	92	-38
50	92	-28
50	92	-18
50	92	-8
50	92	2
50	92	12
50	92	22
50	92	32
50	92	42
50	92	52
50	92	62
50	92	72
50	92	82
50	92	92
50	92	102
50	92	112
50	92	122
50	92	127
50	102	-128
50	102	-118
50	102	-108
50	102	-98
50	102	-88
50	102	-78
50	102	-68
50	102	-58
50	102	-48
50	102	-38
50	102	-28
50	102	-18
50	102	-8
50	102	2
50	102	12
50	102	22
50	102	32
50	102	42
50	102	52
50	102	62
50	102	72
50	102	82
50	102	92
50	102	102
50	102	112
50	102	122
50	102	127
50	112	-128
50	112	-118
50	112	-108
50	112	-98
50	112	-88
50	112	-78
50	112	-68
50	112	-58
50	112	-48
50	112	-38
50	112	-28
50	112	-18
50	112	-8
50	112	2
50	112	12
50	112	22
50	112	32
50	112	42
50	112	52
50	112	62
50	112	72
50	112	82
50	112	92
50	112	102
50	112	112
50	112	122
50	112	127
50	122	-128
50	122	-118
50	122	-108
50	122	-98
50	122	-88
50	122	-78
50	122	-68
50	122	-58
50	122	-48
50	122	-38
50	122	-28
50	122	-18
50	122	-8
50	122	2
50	122	12
50	122	22
50	122	32
50	122	42
50	122	52
50	122	62
50	122	72
50	122	82
50	122	92
50	122	102
50	122	112
50	122	122
50	122	127
50	127	-128
50	127	-118
50	127	-108
50	127	-98
50	127	-88
50	127	-78
50	127	-68
50	127	-58
50	127	-48
50	127	-38
50	127	-28
50	127	-18
50	127	-8
50	127	2
50	127	12
50	127	22
50	127	32
50	127	42
50	127	52
50	127	62
50	127	72
50	127	82
50	127	92
50	127	102
50	127	112
50	127	122
50	127	127